data = [
29.7 28.7 29.6 28.7 29.6 28.7 29.6 29 29.7 29.5 29.7 30.4 29.8 31.9 29.9 37 30.3 45.7 30.7 54.5 31.4 62.1 32.2 68.2 33.2 73.1 34.1 77.4 35.3 80.1 36.4 82.3 37.5 84 38.7 85.5 39.7 86.2 40.8 86.9 41.9 86.9 43 87.3 44.1 87.7 45.1 86.9 46 87.3 46.9 86.9 47.8 86.9 48.8 86.9 49.6 86.9 50.4 86.2 51.4 86.2 52.1 86.2 52.9 85.8 53.8 86.2 54.4 85.1 55.1 85.1 55.9 84.7 56.8 84.7 57.5 84.4 57.9 84.7 58.8 84.4 59.1 84.4 59.8 84.4 60.1 84 61 84 61.5 84 62.1 83.7 62.3 83.7 62.6 83.7 63.2 83.3 63.6 83.3 63.9 83.3 64.5 83 64.9 83 65.3 82.7 65.7 83 65.9 82.7 66.3 82.7 66.7 82.7 67 82.7 67.2 82.3 67.6 82.7 67.4 82.3 68 82 68 82.3 68.2 82.3 68.7 82 68.9 82 68.9 82 69.1 82 69.1 82 69.3 82 69.6 82 69.8 81.7 69.8 81.7 69.8 81.7 69.8 81.7 70 81.7 70.3 81.7 69.8 81 70.3 81.7 70 81.4 70.3 81.4 70 81.4 69.8 81.4 69.6 81.4 69.8 81.4 70 81.4 70 81.4 70.3 81 70.3 81 70.5 81 70.7 81 70.7 81.4 70.7 80.7 70.7 80.7 70.7 80.4 70.5 81 70.5 80.7 70.9 80.4 70.7 80.7 70.7 80.7 70.7 80.7 70.7 80.7 70.5 80.7 70.5 80.7 70.5 80.4 70.7 80.7 70.5 80.4 70.5 80.4 70.5 80.4 70.7 80.4 70.5 80.1 70.5 80.1 70.7 80.1 70.5 80.1 70.9 80.1 70.7 80.1 70.7 80.1 70.5 80.1 70.7 80.4 70.5 80.1 70.7 80.1 70.9 79.8 70.7 80.1 70.7 79.8 70.7 79.8 70.7 80.1 70.5 79.8 70.5 79.8 70.5 79.8 70.7 79.5 70.3 79.5 70.3 79.8 70 79.8 70 79.5 70 79.5 70 79.5 70 79.5 70 79.5 70 79.5 69.8 79.5 69.6 79.2 69.8 79.2 69.8 79.5 69.8 79.5 69.8 79.2 69.6 78.9
];

data_reshaped = reshape(data, 2, length(data)/2)';

% assume time
time = 0:size(data_reshaped, 1)-1; 

outer_temp = data_reshaped(:, 1);
inner_temp = data_reshaped(:, 2);

% plot for temperatures
figure;
plot(time, outer_temp, 'r',LineWidth=1.5);
hold on;
plot(time, inner_temp, 'b',LineWidth=1.5);
xlabel('Time in sec');
ylabel('Temperature (°C)');
title('Ceramic Mug Temperature Profile');
legend('Outer Surface', 'Inner Surface');
ylim([0 100]);
xlim([0 150]);
grid on;
% plot for temperature difference
figure;
temp_diff = outer_temp - inner_temp;
plot(time, temp_diff,LineWidth=2.5);
xlabel('Time in sec');
ylabel('Temperature Difference (°C)');
ylim([0 100]);
xlim([0 150]);
title('Temperature Difference (Outer - Inner)');
grid on;
